18
3 2.5 -24 1 0 0 15 50 0 0 -15 -50 0 0 0 0 0 0
3 2.5 -24.1 -1 27 0 15 50 0 0 -15 -50 0 0 -30 25 -5 15
3 2.5 -22.8 -1 43 0 15 50 0 0 -15 -50 0 0 -5 30 -15 15
3 2.5 -21.9 -1 43 0 5 -10 0 0 -5 10 0 0 -5 30 -15 15
3 1.9 -21.2 -1 43 0 5 -10 0 0 -5 10 0 0 -5 30 -15 15
3 1.5 -21.2 -1 61 0 10 0 75 0 -10 0 -75 0 -5 30 -15 15
3 0.2 -21.2 -1 77 0 10 0 75 -75 -10 0 -75 75 -5 25 0 15
3 0.2 -21.2 -1 77 0 10 0 75 -75 -10 0 -75 75 -5 25 0 15
3 0.2 -21.2 -1 77 0 10 0 75 -75 -10 0 -75 75 -5 25 0 15
3 0.2 -21.2 -1 58 0 10 0 50 -65 -10 0 -50 65 -5 30 -45 75
3 0.7 -21.2 -1 43 0 10 0 -15 -25 -10 0 15 25 -20 15 -50 80
3 -0.0999999 -21.1 0 -3 0 10 0 -15 -25 -10 0 15 25 -15 15 0 -15
3 -0.0999999 -21.1 0 -3 0 -5 -5 -15 15 5 5 15 -15 -15 15 0 -15
3 -0.0999999 -21.1 0 -3 15 -5 -5 -15 15 5 5 15 -15 -15 15 0 -15
3 -0.0999999 -21.1 0 -3 -25 -5 -5 -15 15 5 5 15 -15 -15 15 0 -15
3 -0.0999999 -21.1 0 -3 10 -5 -5 -15 15 5 5 15 -15 -15 15 0 -15
3 -0.0999999 -21.1 0 -3 -25 -5 -5 -15 15 5 5 15 -15 -15 15 0 -15
3 -0.0999999 -21.1 0 -3 0 -5 -5 -15 15 5 5 15 -15 -15 15 0 -15